{
 "cells": [
  {
   "cell_type": "code",
   "execution_count": 1,
   "metadata": {},
   "outputs": [],
   "source": [
    "import pandas as pd\n",
    "import pickle\n",
    "import joblib\n",
    "import numpy as np\n",
    "import torch\n",
    "# df = pd.read_pickle('poses/results/demo_TIGER_WOODS_THqn7IjaiEY_1c3e5a96-37ee-4fe4-8df9-1c97cea2cf67.pkl')\n",
    "\n",
    "# print(df.head())"
   ]
  },
  {
   "cell_type": "code",
   "execution_count": 10,
   "metadata": {},
   "outputs": [],
   "source": [
    "#x = joblib.load('poses/results/demo_TIGER_WOODS_4HzLO88ryCU_6df7f5cc-68ee-40ca-a984-2c3e348767d8.pkl')\n",
    "x = joblib.load('poses/results/demo_TIGER_WOODS_4HzLO88ryCU_a941d487-8693-40b6-8835-75b41c87b662.pkl')\n",
    "\n",
    "\n",
    "#print(x['/home/daniel/development/csc2626/final-project/golfdb/data/poses//_DEMO/TIGER_WOODS_THqn7IjaiEY_1c3e5a96-37ee-4fe4-8df9-1c97cea2cf67/img/000001.jpg']['smpl'])"
   ]
  },
  {
   "cell_type": "code",
   "execution_count": 11,
   "metadata": {},
   "outputs": [
    {
     "data": {
      "text/plain": [
       "{'/home/daniel/development/csc2626/final-project/golfdb/data/poses//_DEMO/TIGER_WOODS_4HzLO88ryCU_a941d487-8693-40b6-8835-75b41c87b662/img/000001.jpg': {'time': 0,\n",
       "  'shot': 0,\n",
       "  'frame_path': '/home/daniel/development/csc2626/final-project/golfdb/data/poses//_DEMO/TIGER_WOODS_4HzLO88ryCU_a941d487-8693-40b6-8835-75b41c87b662/img/000001.jpg',\n",
       "  'tracked_ids': [1],\n",
       "  'tracked_bbox': [array([ 41.02694,  73.92018, 141.75671, 274.48267], dtype=float32)],\n",
       "  'tid': [1],\n",
       "  'bbox': [array([ 41.02694,  73.92018, 141.75671, 274.48267], dtype=float32)],\n",
       "  'tracked_time': [0],\n",
       "  'appe': [array([ 8.824416 ,  9.8371105,  6.9036374, ..., 11.109199 , 12.218206 ,\n",
       "           8.754949 ], dtype=float32)],\n",
       "  'loca': [array([ 0.462799  ,  0.3314514 ,  0.3715999 ,  0.29606164,  0.3640522 ,\n",
       "           0.3537171 ,  0.3494718 ,  0.4869594 ,  0.35726583,  0.61020446,\n",
       "           0.35008487,  0.3335861 ,  0.3287167 ,  0.46732348,  0.34362948,\n",
       "           0.59064233,  0.20953727,  0.4747169 ,  0.19962084,  0.52244407,\n",
       "           0.2599761 ,  0.7153097 ,  0.24018657,  0.9247683 ,  0.1954706 ,\n",
       "           0.5163327 ,  0.2520647 ,  0.7019976 ,  0.2458894 ,  0.9119146 ,\n",
       "           0.46888003,  0.30645603,  0.4699675 ,  0.30523366,  0.43460038,\n",
       "           0.27228457,  0.4363288 ,  0.26957643,  0.3444798 ,  0.9419666 ,\n",
       "           0.31429386,  0.94356877,  0.21585107,  0.93053496,  0.33829528,\n",
       "           0.9634892 ,  0.30938745,  0.96910584,  0.20822084,  0.9445447 ,\n",
       "           0.2263085 ,  0.89848727,  0.2537467 ,  0.6809066 ,  0.20503369,\n",
       "           0.46343005,  0.1903646 ,  0.45699605,  0.24756384,  0.6791189 ,\n",
       "           0.23212281,  0.8940378 ,  0.36525345,  0.5964804 ,  0.36581275,\n",
       "           0.48112878,  0.36761308,  0.33493537,  0.35500807,  0.31774193,\n",
       "           0.35009074,  0.4597633 ,  0.35249728,  0.58452725,  0.37648964,\n",
       "           0.30614248,  0.4625402 ,  0.2623319 ,  0.19758809,  0.4598718 ,\n",
       "           0.35918993,  0.3268116 ,  0.26756734,  0.35974115,  0.42821577,\n",
       "           0.30890965,  0.46734986,  0.25278044,  0.21026489,  0.586556  ,\n",
       "          -0.5657335 ,  0.16900831, 38.136497  , -0.5657335 ,  0.16900831,\n",
       "          38.136497  , -0.5657335 ,  0.16900831, 38.136497  ], dtype=float32)],\n",
       "  'pose': [array([-5.71053661e-02,  1.87951654e-01,  9.80516791e-01, -9.10952315e-02,\n",
       "          -9.79003489e-01,  1.82356194e-01,  9.94203568e-01, -7.89068863e-02,\n",
       "           7.30278492e-02,  9.99989033e-01,  4.13994631e-03,  2.21886486e-03,\n",
       "          -4.69708489e-03,  8.81147265e-01,  4.72818673e-01,  2.30261867e-06,\n",
       "          -4.72823858e-01,  8.81157041e-01,  9.97022688e-01,  7.19907433e-02,\n",
       "           2.76218280e-02, -7.63748586e-02,  8.72729063e-01,  4.82193798e-01,\n",
       "           1.06071103e-02, -4.82867807e-01,  8.75628948e-01,  9.99701679e-01,\n",
       "           7.18037644e-03,  2.33418867e-02,  1.01372823e-02,  7.47551858e-01,\n",
       "          -6.64126039e-01, -2.22179405e-02,  6.64164603e-01,  7.47256041e-01,\n",
       "           9.98752058e-01,  4.99143191e-02, -1.74649153e-03, -4.89778258e-02,\n",
       "           9.71965849e-01, -2.29964375e-01, -9.78099741e-03,  2.29762897e-01,\n",
       "           9.73197579e-01,  9.99517679e-01, -3.01245991e-02,  7.54872290e-03,\n",
       "           3.09945270e-02,  9.52334285e-01, -3.03477824e-01,  1.95324654e-03,\n",
       "           3.03565413e-01,  9.52808678e-01,  9.99277949e-01, -2.04811487e-02,\n",
       "           3.20000313e-02,  2.31245309e-02,  9.96151149e-01, -8.45474303e-02,\n",
       "          -3.01452354e-02,  8.52263719e-02,  9.95905519e-01,  9.85983253e-01,\n",
       "           7.13380799e-02,  1.50824264e-01, -6.23188801e-02,  9.96020794e-01,\n",
       "          -6.37089759e-02, -1.54769003e-01,  5.34167849e-02,  9.86505508e-01,\n",
       "           9.77527261e-01, -1.19220264e-01, -1.73859164e-01,  9.98492986e-02,\n",
       "           9.88191068e-01, -1.16226189e-01,  1.85662597e-01,  9.62545499e-02,\n",
       "           9.77887750e-01,  9.99837697e-01,  8.19988549e-03,  1.60426833e-02,\n",
       "          -8.33044201e-03,  9.99932587e-01,  8.08820873e-03, -1.59752797e-02,\n",
       "          -8.22053850e-03,  9.99838591e-01,  9.93371367e-01, -1.09301731e-01,\n",
       "           3.55879404e-02,  1.10683322e-01,  9.93071020e-01, -3.94871533e-02,\n",
       "          -3.10253352e-02,  4.31643985e-02,  9.98586178e-01,  9.90764856e-01,\n",
       "           1.29199296e-01, -4.11422290e-02, -1.28485069e-01,  9.91518378e-01,\n",
       "           1.95663031e-02,  4.33212295e-02, -1.40994415e-02,  9.98961747e-01,\n",
       "           9.93574142e-01, -1.30759673e-02, -1.12425119e-01,  8.79757665e-03,\n",
       "           9.99221087e-01, -3.84677276e-02,  1.12840563e-01,  3.72314751e-02,\n",
       "           9.92915273e-01,  7.00070441e-01,  1.80387482e-01, -6.90913677e-01,\n",
       "          -1.62990823e-01,  9.82390761e-01,  9.13369283e-02,  6.95223212e-01,\n",
       "           4.86702994e-02,  7.17144251e-01,  7.38827705e-01, -1.24206416e-01,\n",
       "           6.62349164e-01,  1.14537627e-01,  9.91712272e-01,  5.82071245e-02,\n",
       "          -6.64089382e-01,  3.28588635e-02,  7.46930838e-01,  9.99264836e-01,\n",
       "          -3.38990875e-02, -1.79055613e-02,  3.29448581e-02,  9.98147964e-01,\n",
       "          -5.11387959e-02,  1.96059588e-02,  5.05113043e-02,  9.98530984e-01,\n",
       "           5.93313336e-01,  5.58833122e-01, -5.79383135e-01, -5.63541532e-01,\n",
       "           8.02312136e-01,  1.96764246e-01,  5.74804485e-01,  2.09763601e-01,\n",
       "           7.90948153e-01,  6.87023878e-01, -5.36435306e-01,  4.90138173e-01,\n",
       "           5.25941133e-01,  8.32538664e-01,  1.73969418e-01, -5.01382291e-01,\n",
       "           1.38262659e-01,  8.54107320e-01,  9.14089024e-01,  3.34569477e-02,\n",
       "          -4.04130965e-01, -5.70661053e-02,  9.97286320e-01, -4.65130024e-02,\n",
       "           4.01478112e-01,  6.55792058e-02,  9.13517714e-01,  9.20699596e-01,\n",
       "          -5.23117296e-02,  3.86750370e-01,  6.95729479e-02,  9.97102618e-01,\n",
       "          -3.07579543e-02, -3.84020746e-01,  5.52262031e-02,  9.21671450e-01,\n",
       "           9.84799623e-01, -1.55741334e-01, -7.69049525e-02,  1.60605177e-01,\n",
       "           9.85088468e-01,  6.16986454e-02,  6.61491454e-02, -7.31121302e-02,\n",
       "           9.95127618e-01,  9.85554278e-01,  1.62903488e-01,  4.63145524e-02,\n",
       "          -1.64214194e-01,  9.86080945e-01,  2.60394961e-02, -4.14279737e-02,\n",
       "          -3.32688503e-02,  9.98587370e-01,  9.81374264e-01,  1.52398065e-01,\n",
       "          -1.16959453e-01, -1.30321577e-01,  9.75450397e-01,  1.77518904e-01,\n",
       "           1.41141653e-01, -1.58970118e-01,  9.77142692e-01,  9.84492064e-01,\n",
       "          -1.32827818e-01,  1.14595085e-01,  1.07981451e-01,  9.73645508e-01,\n",
       "           2.00884089e-01, -1.38257995e-01, -1.85394675e-01,  9.72889245e-01,\n",
       "           1.86703607e-01,  4.19243485e-01, -3.54227066e-01, -3.85789245e-01,\n",
       "          -1.10172451e-01, -6.40490279e-03,  9.36421752e-03,  6.92702979e-02,\n",
       "           2.38062441e-02,  2.30145454e-02, -5.65733492e-01,  1.69008315e-01,\n",
       "           1.90682486e-01], dtype=float32)],\n",
       "  'center': [array([111.90529, 211.1615 ], dtype=float32)],\n",
       "  'scale': [0.7842361886160715],\n",
       "  'size': [[350, 350]],\n",
       "  'img_path': ['/home/daniel/development/csc2626/final-project/golfdb/data/poses//_DEMO/TIGER_WOODS_4HzLO88ryCU_a941d487-8693-40b6-8835-75b41c87b662/img/000001.jpg'],\n",
       "  'img_name': ['000001.jpg'],\n",
       "  'class_name': [np.int64(0)],\n",
       "  'conf': [np.float32(0.9995334)],\n",
       "  'annotations': [[]],\n",
       "  'smpl': [{'global_orient': array([[[-0.05710537,  0.18795165,  0.9805168 ],\n",
       "            [-0.09109523, -0.9790035 ,  0.1823562 ],\n",
       "            [ 0.99420357, -0.07890689,  0.07302785]]], dtype=float32),\n",
       "    'body_pose': array([[[ 9.99989033e-01,  4.13994631e-03,  2.21886486e-03],\n",
       "            [-4.69708489e-03,  8.81147265e-01,  4.72818673e-01],\n",
       "            [ 2.30261867e-06, -4.72823858e-01,  8.81157041e-01]],\n",
       "    \n",
       "           [[ 9.97022688e-01,  7.19907433e-02,  2.76218280e-02],\n",
       "            [-7.63748586e-02,  8.72729063e-01,  4.82193798e-01],\n",
       "            [ 1.06071103e-02, -4.82867807e-01,  8.75628948e-01]],\n",
       "    \n",
       "           [[ 9.99701679e-01,  7.18037644e-03,  2.33418867e-02],\n",
       "            [ 1.01372823e-02,  7.47551858e-01, -6.64126039e-01],\n",
       "            [-2.22179405e-02,  6.64164603e-01,  7.47256041e-01]],\n",
       "    \n",
       "           [[ 9.98752058e-01,  4.99143191e-02, -1.74649153e-03],\n",
       "            [-4.89778258e-02,  9.71965849e-01, -2.29964375e-01],\n",
       "            [-9.78099741e-03,  2.29762897e-01,  9.73197579e-01]],\n",
       "    \n",
       "           [[ 9.99517679e-01, -3.01245991e-02,  7.54872290e-03],\n",
       "            [ 3.09945270e-02,  9.52334285e-01, -3.03477824e-01],\n",
       "            [ 1.95324654e-03,  3.03565413e-01,  9.52808678e-01]],\n",
       "    \n",
       "           [[ 9.99277949e-01, -2.04811487e-02,  3.20000313e-02],\n",
       "            [ 2.31245309e-02,  9.96151149e-01, -8.45474303e-02],\n",
       "            [-3.01452354e-02,  8.52263719e-02,  9.95905519e-01]],\n",
       "    \n",
       "           [[ 9.85983253e-01,  7.13380799e-02,  1.50824264e-01],\n",
       "            [-6.23188801e-02,  9.96020794e-01, -6.37089759e-02],\n",
       "            [-1.54769003e-01,  5.34167849e-02,  9.86505508e-01]],\n",
       "    \n",
       "           [[ 9.77527261e-01, -1.19220264e-01, -1.73859164e-01],\n",
       "            [ 9.98492986e-02,  9.88191068e-01, -1.16226189e-01],\n",
       "            [ 1.85662597e-01,  9.62545499e-02,  9.77887750e-01]],\n",
       "    \n",
       "           [[ 9.99837697e-01,  8.19988549e-03,  1.60426833e-02],\n",
       "            [-8.33044201e-03,  9.99932587e-01,  8.08820873e-03],\n",
       "            [-1.59752797e-02, -8.22053850e-03,  9.99838591e-01]],\n",
       "    \n",
       "           [[ 9.93371367e-01, -1.09301731e-01,  3.55879404e-02],\n",
       "            [ 1.10683322e-01,  9.93071020e-01, -3.94871533e-02],\n",
       "            [-3.10253352e-02,  4.31643985e-02,  9.98586178e-01]],\n",
       "    \n",
       "           [[ 9.90764856e-01,  1.29199296e-01, -4.11422290e-02],\n",
       "            [-1.28485069e-01,  9.91518378e-01,  1.95663031e-02],\n",
       "            [ 4.33212295e-02, -1.40994415e-02,  9.98961747e-01]],\n",
       "    \n",
       "           [[ 9.93574142e-01, -1.30759673e-02, -1.12425119e-01],\n",
       "            [ 8.79757665e-03,  9.99221087e-01, -3.84677276e-02],\n",
       "            [ 1.12840563e-01,  3.72314751e-02,  9.92915273e-01]],\n",
       "    \n",
       "           [[ 7.00070441e-01,  1.80387482e-01, -6.90913677e-01],\n",
       "            [-1.62990823e-01,  9.82390761e-01,  9.13369283e-02],\n",
       "            [ 6.95223212e-01,  4.86702994e-02,  7.17144251e-01]],\n",
       "    \n",
       "           [[ 7.38827705e-01, -1.24206416e-01,  6.62349164e-01],\n",
       "            [ 1.14537627e-01,  9.91712272e-01,  5.82071245e-02],\n",
       "            [-6.64089382e-01,  3.28588635e-02,  7.46930838e-01]],\n",
       "    \n",
       "           [[ 9.99264836e-01, -3.38990875e-02, -1.79055613e-02],\n",
       "            [ 3.29448581e-02,  9.98147964e-01, -5.11387959e-02],\n",
       "            [ 1.96059588e-02,  5.05113043e-02,  9.98530984e-01]],\n",
       "    \n",
       "           [[ 5.93313336e-01,  5.58833122e-01, -5.79383135e-01],\n",
       "            [-5.63541532e-01,  8.02312136e-01,  1.96764246e-01],\n",
       "            [ 5.74804485e-01,  2.09763601e-01,  7.90948153e-01]],\n",
       "    \n",
       "           [[ 6.87023878e-01, -5.36435306e-01,  4.90138173e-01],\n",
       "            [ 5.25941133e-01,  8.32538664e-01,  1.73969418e-01],\n",
       "            [-5.01382291e-01,  1.38262659e-01,  8.54107320e-01]],\n",
       "    \n",
       "           [[ 9.14089024e-01,  3.34569477e-02, -4.04130965e-01],\n",
       "            [-5.70661053e-02,  9.97286320e-01, -4.65130024e-02],\n",
       "            [ 4.01478112e-01,  6.55792058e-02,  9.13517714e-01]],\n",
       "    \n",
       "           [[ 9.20699596e-01, -5.23117296e-02,  3.86750370e-01],\n",
       "            [ 6.95729479e-02,  9.97102618e-01, -3.07579543e-02],\n",
       "            [-3.84020746e-01,  5.52262031e-02,  9.21671450e-01]],\n",
       "    \n",
       "           [[ 9.84799623e-01, -1.55741334e-01, -7.69049525e-02],\n",
       "            [ 1.60605177e-01,  9.85088468e-01,  6.16986454e-02],\n",
       "            [ 6.61491454e-02, -7.31121302e-02,  9.95127618e-01]],\n",
       "    \n",
       "           [[ 9.85554278e-01,  1.62903488e-01,  4.63145524e-02],\n",
       "            [-1.64214194e-01,  9.86080945e-01,  2.60394961e-02],\n",
       "            [-4.14279737e-02, -3.32688503e-02,  9.98587370e-01]],\n",
       "    \n",
       "           [[ 9.81374264e-01,  1.52398065e-01, -1.16959453e-01],\n",
       "            [-1.30321577e-01,  9.75450397e-01,  1.77518904e-01],\n",
       "            [ 1.41141653e-01, -1.58970118e-01,  9.77142692e-01]],\n",
       "    \n",
       "           [[ 9.84492064e-01, -1.32827818e-01,  1.14595085e-01],\n",
       "            [ 1.07981451e-01,  9.73645508e-01,  2.00884089e-01],\n",
       "            [-1.38257995e-01, -1.85394675e-01,  9.72889245e-01]]],\n",
       "          dtype=float32),\n",
       "    'betas': array([ 0.1867036 ,  0.41924348, -0.35422707, -0.38578925, -0.11017245,\n",
       "           -0.0064049 ,  0.00936422,  0.0692703 ,  0.02380624,  0.02301455],\n",
       "          dtype=float32)}],\n",
       "  'camera': [array([-0.5657335 ,  0.16900831, 38.136497  ], dtype=float32)],\n",
       "  'camera_bbox': [array([ 1.3060877 , -0.21373917, -0.03273035], dtype=float32)],\n",
       "  '3d_joints': [array([[ 0.49306238, -0.4982636 ,  0.01728518],\n",
       "          [ 0.31494397, -0.5673383 ,  0.01170309],\n",
       "          [ 0.3012069 , -0.4536449 , -0.13267814],\n",
       "          [ 0.27287453, -0.19437936, -0.13762896],\n",
       "          [ 0.2872869 ,  0.04597916, -0.03483434],\n",
       "          [ 0.2716545 , -0.49545193,  0.1767196 ],\n",
       "          [ 0.22944367, -0.2331639 ,  0.2102709 ],\n",
       "          [ 0.25933418,  0.00860023,  0.13390073],\n",
       "          [-0.00180736, -0.21840948,  0.02599432],\n",
       "          [-0.02027217, -0.12522252, -0.03324195],\n",
       "          [ 0.09782129,  0.25072503, -0.0614951 ],\n",
       "          [ 0.05882215,  0.65973985, -0.02987729],\n",
       "          [-0.03045296, -0.13703328,  0.10042663],\n",
       "          [ 0.07939165,  0.2272236 ,  0.17537126],\n",
       "          [ 0.0672682 ,  0.6390065 ,  0.17615053],\n",
       "          [ 0.5049996 , -0.5467297 , -0.01921653],\n",
       "          [ 0.50701916, -0.54978174,  0.0476158 ],\n",
       "          [ 0.43824485, -0.61291206, -0.06268881],\n",
       "          [ 0.44113207, -0.61993605,  0.08520956],\n",
       "          [ 0.26039484,  0.6987213 ,  0.20993969],\n",
       "          [ 0.20057896,  0.70318216,  0.2678547 ],\n",
       "          [ 0.00839873,  0.6754508 ,  0.17244849],\n",
       "          [ 0.25024492,  0.7352667 , -0.03070801],\n",
       "          [ 0.19450228,  0.7446078 , -0.09803455],\n",
       "          [-0.00360732,  0.6984198 , -0.02569695],\n",
       "          [ 0.03207019,  0.6079907 , -0.05306872],\n",
       "          [ 0.08565275,  0.18367636, -0.05953472],\n",
       "          [-0.0083639 , -0.240185  , -0.12252652],\n",
       "          [-0.04150108, -0.25334454,  0.1667842 ],\n",
       "          [ 0.07049955,  0.18239045,  0.1802747 ],\n",
       "          [ 0.04022076,  0.6040022 ,  0.17927141],\n",
       "          [ 0.30273104,  0.01930511, -0.01480848],\n",
       "          [ 0.30468702, -0.20572016, -0.14060824],\n",
       "          [ 0.30800992, -0.49034712, -0.11413202],\n",
       "          [ 0.28143734, -0.5263748 ,  0.15982628],\n",
       "          [ 0.27138123, -0.2480146 ,  0.21382663],\n",
       "          [ 0.27672794, -0.00339205,  0.1315339 ],\n",
       "          [ 0.32444072, -0.54773295,  0.02021263],\n",
       "          [ 0.49256587, -0.633229  ,  0.01254639],\n",
       "          [-0.02509162, -0.24740715,  0.02189911],\n",
       "          [ 0.2906404 , -0.50735724,  0.02066145],\n",
       "          [ 0.11179151, -0.44293445,  0.00812181],\n",
       "          [ 0.4254849 , -0.5423515 ,  0.022724  ],\n",
       "          [ 0.5019692 , -0.6518172 ,  0.00717281],\n",
       "          [ 0.        ,  0.        ,  0.        ]], dtype=float32)],\n",
       "  '2d_joints': [array([0.462799  , 0.3314514 , 0.3715999 , 0.29606164, 0.3640522 ,\n",
       "          0.3537171 , 0.3494718 , 0.4869594 , 0.35726583, 0.61020446,\n",
       "          0.35008487, 0.3335861 , 0.3287167 , 0.46732348, 0.34362948,\n",
       "          0.59064233, 0.20953727, 0.4747169 , 0.19962084, 0.52244407,\n",
       "          0.2599761 , 0.7153097 , 0.24018657, 0.9247683 , 0.1954706 ,\n",
       "          0.5163327 , 0.2520647 , 0.7019976 , 0.2458894 , 0.9119146 ,\n",
       "          0.46888003, 0.30645603, 0.4699675 , 0.30523366, 0.43460038,\n",
       "          0.27228457, 0.4363288 , 0.26957643, 0.3444798 , 0.9419666 ,\n",
       "          0.31429386, 0.94356877, 0.21585107, 0.93053496, 0.33829528,\n",
       "          0.9634892 , 0.30938745, 0.96910584, 0.20822084, 0.9445447 ,\n",
       "          0.2263085 , 0.89848727, 0.2537467 , 0.6809066 , 0.20503369,\n",
       "          0.46343005, 0.1903646 , 0.45699605, 0.24756384, 0.6791189 ,\n",
       "          0.23212281, 0.8940378 , 0.36525345, 0.5964804 , 0.36581275,\n",
       "          0.48112878, 0.36761308, 0.33493537, 0.35500807, 0.31774193,\n",
       "          0.35009074, 0.4597633 , 0.35249728, 0.58452725, 0.37648964,\n",
       "          0.30614248, 0.4625402 , 0.2623319 , 0.19758809, 0.4598718 ,\n",
       "          0.35918993, 0.3268116 , 0.26756734, 0.35974115, 0.42821577,\n",
       "          0.30890965, 0.46734986, 0.25278044, 0.21026489, 0.586556  ],\n",
       "         dtype=float32)],\n",
       "  'mask': [[{'size': [350, 350],\n",
       "     'counts': 'cl?a0Z:9G5L4K6K5K4M3L4L5K5L4L3M4L4J7K6J3M4L8Hb0^Om1TN8F4L4M3L4N1N2N1N2N2N3N100O1O100O1N2N2O1N200O100O10000O1NfNcLWK\\\\3a4WMUKg2i4_MUK`2j4cMUK]2m1hLNo0TNX2j1VMCj0bNP2g1`MXOj0POe1h1fMnNl0YO^1h1kMgNl0@Y1i1nM`Nn0FT1k1T1TNlNm1T1RNkNo1U1QNkNQ2T1nMlNW2o0iMPOl2<SMEW31iLO[3NdL1^3NbL1`3N_L3b3L^L3d3MZL3i3KWL5j3KTL5l3NmK7S4Z3O01000N1O2K5A?@`0G8E<C=L4M2O1N2L3N3O001O1N2O1O11O0O2O1O0100O10O10O100O100O100O2O000O1000001N101O1O2M2O2M3N2M5J]Qk1'}]],\n",
       "  'extra_data': [0]},\n",
       " '/home/daniel/development/csc2626/final-project/golfdb/data/poses//_DEMO/TIGER_WOODS_4HzLO88ryCU_a941d487-8693-40b6-8835-75b41c87b662/img/000002.jpg': {'time': 1,\n",
       "  'shot': 0,\n",
       "  'frame_path': '/home/daniel/development/csc2626/final-project/golfdb/data/poses//_DEMO/TIGER_WOODS_4HzLO88ryCU_a941d487-8693-40b6-8835-75b41c87b662/img/000002.jpg',\n",
       "  'tracked_ids': [1],\n",
       "  'tracked_bbox': [array([ 40.4429 ,  73.50709, 143.0493 , 275.7008 ], dtype=float32)],\n",
       "  'tid': [1],\n",
       "  'bbox': [array([ 40.4429 ,  73.50709, 143.0493 , 275.7008 ], dtype=float32)],\n",
       "  'tracked_time': [0],\n",
       "  'appe': [array([ 8.83003  ,  9.528587 ,  6.7590623, ..., 10.729162 , 10.582353 ,\n",
       "           7.2800627], dtype=float32)],\n",
       "  'loca': [array([ 0.4625581 ,  0.33190548,  0.37132692,  0.29638493,  0.36371505,\n",
       "           0.35385248,  0.34810507,  0.48702696,  0.35606503,  0.6093211 ,\n",
       "           0.35002998,  0.33376402,  0.32928896,  0.46773636,  0.3442635 ,\n",
       "           0.5902504 ,  0.20917267,  0.4753067 ,  0.199397  ,  0.52308846,\n",
       "           0.26107553,  0.71580774,  0.24110034,  0.92531276,  0.19467437,\n",
       "           0.5168301 ,  0.25044012,  0.7026538 ,  0.24498   ,  0.9126901 ,\n",
       "           0.46865135,  0.30697066,  0.46980354,  0.30562532,  0.4343588 ,\n",
       "           0.27282917,  0.4362057 ,  0.2698676 ,  0.34346583,  0.9421772 ,\n",
       "           0.31286103,  0.9437826 ,  0.21505761,  0.93145025,  0.33921275,\n",
       "           0.963974  ,  0.31073266,  0.9698396 ,  0.2091015 ,  0.94510293,\n",
       "           0.2273331 ,  0.89908993,  0.2547522 ,  0.6814437 ,  0.20531192,\n",
       "           0.46418595,  0.18945992,  0.45741305,  0.24594101,  0.67973423,\n",
       "           0.23112705,  0.89484036,  0.36399814,  0.5953693 ,  0.3645287 ,\n",
       "           0.48129377,  0.36724576,  0.33516806,  0.35491836,  0.31795898,\n",
       "           0.35061443,  0.46013713,  0.3530585 ,  0.58404845,  0.37624854,\n",
       "           0.30638883,  0.4623616 ,  0.26274574,  0.19728798,  0.46045288,\n",
       "           0.35896158,  0.3270524 ,  0.26722592,  0.3600754 ,  0.42799693,\n",
       "           0.3092933 ,  0.46718222,  0.25320584,  0.20989835,  0.5871139 ,\n",
       "          -0.5657919 ,  0.16990024, 38.092247  , -0.5657919 ,  0.16990024,\n",
       "          38.092247  , -0.5657919 ,  0.16990024, 38.092247  ], dtype=float32)],\n",
       "  'pose': [array([-0.06537018,  0.19009931,  0.9795861 , -0.09314643, -0.9785621 ,\n",
       "           0.18368468,  0.9935041 , -0.07923746,  0.08167586,  0.99998355,\n",
       "           0.0011405 ,  0.0056348 , -0.00366449,  0.88166136,  0.47186846,\n",
       "          -0.00442982, -0.47188127,  0.88165104,  0.996979  ,  0.07143144,\n",
       "           0.03050339, -0.07722162,  0.86934406,  0.48813692,  0.00835038,\n",
       "          -0.48901775,  0.8722338 ,  0.99976873,  0.004841  ,  0.0209517 ,\n",
       "           0.0102003 ,  0.750975  , -0.6602519 , -0.01893048,  0.66031295,\n",
       "           0.750752  ,  0.998828  ,  0.0483778 ,  0.0014551 , -0.04681496,\n",
       "           0.9733185 , -0.2246319 , -0.01228346,  0.22430055,  0.9744426 ,\n",
       "           0.99946505, -0.0322064 ,  0.00568106,  0.03238585,  0.95054793,\n",
       "          -0.30888465,  0.00454794,  0.30890343,  0.95108247,  0.99926966,\n",
       "          -0.02308365,  0.0304524 ,  0.02558216,  0.9961047 , -0.08438539,\n",
       "          -0.02838586,  0.08510279,  0.99596775,  0.9861928 ,  0.07195613,\n",
       "           0.14915071, -0.06316902,  0.99602234, -0.06284261, -0.15307935,\n",
       "           0.05255323,  0.9868155 ,  0.9777031 , -0.12188049, -0.17100225,\n",
       "           0.1027694 ,  0.9878587 , -0.11650582,  0.18312585,  0.09633432,\n",
       "           0.9783581 ,  0.9998762 ,  0.00772622,  0.01370838, -0.00779623,\n",
       "           0.99995685,  0.00506117, -0.01366869, -0.00516742,  0.9998933 ,\n",
       "           0.99310994, -0.11081056,  0.0381266 ,  0.1122229 ,  0.9929887 ,\n",
       "          -0.03714006, -0.03374377,  0.04116284,  0.9985824 ,  0.99039006,\n",
       "           0.13256493, -0.03942112, -0.13180795,  0.9910479 ,  0.02122972,\n",
       "           0.04188253, -0.01582968,  0.99899715,  0.9939097 , -0.0165687 ,\n",
       "          -0.10894513,  0.01228201,  0.99912816, -0.03990122,  0.10951126,\n",
       "           0.03832014,  0.9932467 ,  0.70032173,  0.17489943, -0.69206923,\n",
       "          -0.1571379 ,  0.9835092 ,  0.0895403 ,  0.6963169 ,  0.04604331,\n",
       "           0.7162562 ,  0.7417341 , -0.12390956,  0.6591486 ,  0.11395446,\n",
       "           0.9917794 ,  0.05820699, -0.6609424 ,  0.03193879,  0.74975663,\n",
       "           0.99922436, -0.03417443, -0.01956331,  0.03315594,  0.9981882 ,\n",
       "          -0.05021   ,  0.02124376,  0.04952242,  0.9985471 ,  0.5880036 ,\n",
       "           0.5564672 , -0.5870231 , -0.5634901 ,  0.8024698 ,  0.19626808,\n",
       "           0.580285  ,  0.21537535,  0.78541887,  0.6833883 , -0.5403228 ,\n",
       "           0.4909498 ,  0.53297937,  0.8288177 ,  0.1702767 , -0.49891233,\n",
       "           0.14530098,  0.8543852 ,  0.90856165,  0.03646815, -0.416156  ,\n",
       "          -0.06311309,  0.9967306 , -0.05044553,  0.4129558 ,  0.07209776,\n",
       "           0.9078928 ,  0.91197467, -0.04817883,  0.40740758,  0.06765196,\n",
       "           0.9971458 , -0.03351816, -0.4046299 ,  0.05812963,  0.9126311 ,\n",
       "           0.9840426 , -0.16036502, -0.07709291,  0.16485643,  0.9847325 ,\n",
       "           0.05589495,  0.0669523 , -0.06771227,  0.9954559 ,  0.9848072 ,\n",
       "           0.16698733,  0.04764444, -0.16838084,  0.9853553 ,  0.02688264,\n",
       "          -0.04245764, -0.03449663,  0.9985025 ,  0.98163736,  0.15119138,\n",
       "          -0.11631494, -0.12919785,  0.97556347,  0.17771849,  0.1403421 ,\n",
       "          -0.15942748,  0.97718316,  0.98466474, -0.13348992,  0.11231971,\n",
       "           0.10906584,  0.9735259 ,  0.20087837, -0.13616137, -0.18554762,\n",
       "           0.9731558 ,  0.1716311 ,  0.4409804 , -0.3430809 , -0.38905588,\n",
       "          -0.11420429, -0.01327151,  0.01102823,  0.07742105,  0.02223258,\n",
       "           0.02808934, -0.5657919 ,  0.16990024,  0.19046123], dtype=float32)],\n",
       "  'center': [array([111.967545, 211.35748 ], dtype=float32)],\n",
       "  'scale': [0.7877165876116071],\n",
       "  'size': [[350, 350]],\n",
       "  'img_path': ['/home/daniel/development/csc2626/final-project/golfdb/data/poses//_DEMO/TIGER_WOODS_4HzLO88ryCU_a941d487-8693-40b6-8835-75b41c87b662/img/000002.jpg'],\n",
       "  'img_name': ['000002.jpg'],\n",
       "  'class_name': [np.int64(0)],\n",
       "  'conf': [np.float32(0.99953735)],\n",
       "  'annotations': [[]],\n",
       "  'smpl': [{'global_orient': array([[[-0.06537018,  0.19009931,  0.9795861 ],\n",
       "            [-0.09314643, -0.9785621 ,  0.18368468],\n",
       "            [ 0.9935041 , -0.07923746,  0.08167586]]], dtype=float32),\n",
       "    'body_pose': array([[[ 0.99998355,  0.0011405 ,  0.0056348 ],\n",
       "            [-0.00366449,  0.88166136,  0.47186846],\n",
       "            [-0.00442982, -0.47188127,  0.88165104]],\n",
       "    \n",
       "           [[ 0.996979  ,  0.07143144,  0.03050339],\n",
       "            [-0.07722162,  0.86934406,  0.48813692],\n",
       "            [ 0.00835038, -0.48901775,  0.8722338 ]],\n",
       "    \n",
       "           [[ 0.99976873,  0.004841  ,  0.0209517 ],\n",
       "            [ 0.0102003 ,  0.750975  , -0.6602519 ],\n",
       "            [-0.01893048,  0.66031295,  0.750752  ]],\n",
       "    \n",
       "           [[ 0.998828  ,  0.0483778 ,  0.0014551 ],\n",
       "            [-0.04681496,  0.9733185 , -0.2246319 ],\n",
       "            [-0.01228346,  0.22430055,  0.9744426 ]],\n",
       "    \n",
       "           [[ 0.99946505, -0.0322064 ,  0.00568106],\n",
       "            [ 0.03238585,  0.95054793, -0.30888465],\n",
       "            [ 0.00454794,  0.30890343,  0.95108247]],\n",
       "    \n",
       "           [[ 0.99926966, -0.02308365,  0.0304524 ],\n",
       "            [ 0.02558216,  0.9961047 , -0.08438539],\n",
       "            [-0.02838586,  0.08510279,  0.99596775]],\n",
       "    \n",
       "           [[ 0.9861928 ,  0.07195613,  0.14915071],\n",
       "            [-0.06316902,  0.99602234, -0.06284261],\n",
       "            [-0.15307935,  0.05255323,  0.9868155 ]],\n",
       "    \n",
       "           [[ 0.9777031 , -0.12188049, -0.17100225],\n",
       "            [ 0.1027694 ,  0.9878587 , -0.11650582],\n",
       "            [ 0.18312585,  0.09633432,  0.9783581 ]],\n",
       "    \n",
       "           [[ 0.9998762 ,  0.00772622,  0.01370838],\n",
       "            [-0.00779623,  0.99995685,  0.00506117],\n",
       "            [-0.01366869, -0.00516742,  0.9998933 ]],\n",
       "    \n",
       "           [[ 0.99310994, -0.11081056,  0.0381266 ],\n",
       "            [ 0.1122229 ,  0.9929887 , -0.03714006],\n",
       "            [-0.03374377,  0.04116284,  0.9985824 ]],\n",
       "    \n",
       "           [[ 0.99039006,  0.13256493, -0.03942112],\n",
       "            [-0.13180795,  0.9910479 ,  0.02122972],\n",
       "            [ 0.04188253, -0.01582968,  0.99899715]],\n",
       "    \n",
       "           [[ 0.9939097 , -0.0165687 , -0.10894513],\n",
       "            [ 0.01228201,  0.99912816, -0.03990122],\n",
       "            [ 0.10951126,  0.03832014,  0.9932467 ]],\n",
       "    \n",
       "           [[ 0.70032173,  0.17489943, -0.69206923],\n",
       "            [-0.1571379 ,  0.9835092 ,  0.0895403 ],\n",
       "            [ 0.6963169 ,  0.04604331,  0.7162562 ]],\n",
       "    \n",
       "           [[ 0.7417341 , -0.12390956,  0.6591486 ],\n",
       "            [ 0.11395446,  0.9917794 ,  0.05820699],\n",
       "            [-0.6609424 ,  0.03193879,  0.74975663]],\n",
       "    \n",
       "           [[ 0.99922436, -0.03417443, -0.01956331],\n",
       "            [ 0.03315594,  0.9981882 , -0.05021   ],\n",
       "            [ 0.02124376,  0.04952242,  0.9985471 ]],\n",
       "    \n",
       "           [[ 0.5880036 ,  0.5564672 , -0.5870231 ],\n",
       "            [-0.5634901 ,  0.8024698 ,  0.19626808],\n",
       "            [ 0.580285  ,  0.21537535,  0.78541887]],\n",
       "    \n",
       "           [[ 0.6833883 , -0.5403228 ,  0.4909498 ],\n",
       "            [ 0.53297937,  0.8288177 ,  0.1702767 ],\n",
       "            [-0.49891233,  0.14530098,  0.8543852 ]],\n",
       "    \n",
       "           [[ 0.90856165,  0.03646815, -0.416156  ],\n",
       "            [-0.06311309,  0.9967306 , -0.05044553],\n",
       "            [ 0.4129558 ,  0.07209776,  0.9078928 ]],\n",
       "    \n",
       "           [[ 0.91197467, -0.04817883,  0.40740758],\n",
       "            [ 0.06765196,  0.9971458 , -0.03351816],\n",
       "            [-0.4046299 ,  0.05812963,  0.9126311 ]],\n",
       "    \n",
       "           [[ 0.9840426 , -0.16036502, -0.07709291],\n",
       "            [ 0.16485643,  0.9847325 ,  0.05589495],\n",
       "            [ 0.0669523 , -0.06771227,  0.9954559 ]],\n",
       "    \n",
       "           [[ 0.9848072 ,  0.16698733,  0.04764444],\n",
       "            [-0.16838084,  0.9853553 ,  0.02688264],\n",
       "            [-0.04245764, -0.03449663,  0.9985025 ]],\n",
       "    \n",
       "           [[ 0.98163736,  0.15119138, -0.11631494],\n",
       "            [-0.12919785,  0.97556347,  0.17771849],\n",
       "            [ 0.1403421 , -0.15942748,  0.97718316]],\n",
       "    \n",
       "           [[ 0.98466474, -0.13348992,  0.11231971],\n",
       "            [ 0.10906584,  0.9735259 ,  0.20087837],\n",
       "            [-0.13616137, -0.18554762,  0.9731558 ]]], dtype=float32),\n",
       "    'betas': array([ 0.1716311 ,  0.4409804 , -0.3430809 , -0.38905588, -0.11420429,\n",
       "           -0.01327151,  0.01102823,  0.07742105,  0.02223258,  0.02808934],\n",
       "          dtype=float32)}],\n",
       "  'camera': [array([-0.5657919 ,  0.16990024, 38.092247  ], dtype=float32)],\n",
       "  'camera_bbox': [array([ 1.3018274 , -0.21455286, -0.03269643], dtype=float32)],\n",
       "  '3d_joints': [array([[ 0.49273473, -0.4978886 ,  0.01740183],\n",
       "          [ 0.31476015, -0.5671384 ,  0.01179822],\n",
       "          [ 0.30091736, -0.45394307, -0.13257577],\n",
       "          [ 0.27062234, -0.19511005, -0.13818145],\n",
       "          [ 0.28530157,  0.04313707, -0.03112313],\n",
       "          [ 0.27194804, -0.4956148 ,  0.17631745],\n",
       "          [ 0.2310245 , -0.2331698 ,  0.20888305],\n",
       "          [ 0.26103812,  0.00670663,  0.12758274],\n",
       "          [-0.00179995, -0.2180928 ,  0.02583003],\n",
       "          [-0.01996833, -0.12490971, -0.0333123 ],\n",
       "          [ 0.10054048,  0.25033656, -0.05955189],\n",
       "          [ 0.06120901,  0.6590136 , -0.02678824],\n",
       "          [-0.03125647, -0.13698989,  0.10009788],\n",
       "          [ 0.07679773,  0.22718498,  0.17780025],\n",
       "          [ 0.06606166,  0.6387961 ,  0.18066019],\n",
       "          [ 0.50468284, -0.5461794 , -0.01926909],\n",
       "          [ 0.50682557, -0.5494666 ,  0.04752108],\n",
       "          [ 0.43798125, -0.6122269 , -0.06274341],\n",
       "          [ 0.441095  , -0.6197335 ,  0.08493341],\n",
       "          [ 0.25875592,  0.6974139 ,  0.21757486],\n",
       "          [ 0.19818005,  0.701857  ,  0.27453014],\n",
       "          [ 0.0074904 ,  0.6754612 ,  0.17627946],\n",
       "          [ 0.25240904,  0.73440963, -0.02480616],\n",
       "          [ 0.19755743,  0.74420965, -0.09266184],\n",
       "          [-0.00120959,  0.697667  , -0.02313331],\n",
       "          [ 0.03470684,  0.6074245 , -0.05038829],\n",
       "          [ 0.08820623,  0.18343583, -0.0578811 ],\n",
       "          [-0.0070953 , -0.2395244 , -0.12259831],\n",
       "          [-0.04250077, -0.2533205 ,  0.16599312],\n",
       "          [ 0.06792215,  0.18231818,  0.18240301],\n",
       "          [ 0.03888163,  0.6038684 ,  0.18314514],\n",
       "          [ 0.3006252 ,  0.01604398, -0.01161342],\n",
       "          [ 0.30255634, -0.2062485 , -0.14089277],\n",
       "          [ 0.30765277, -0.49041408, -0.11394998],\n",
       "          [ 0.2816511 , -0.52642554,  0.15949018],\n",
       "          [ 0.2728211 , -0.24807817,  0.21189599],\n",
       "          [ 0.27826703, -0.00544008,  0.12513632],\n",
       "          [ 0.32430875, -0.5477046 ,  0.02017646],\n",
       "          [ 0.49236134, -0.6327711 ,  0.01221242],\n",
       "          [-0.02492694, -0.24707332,  0.02146254],\n",
       "          [ 0.2905727 , -0.5073863 ,  0.02059816],\n",
       "          [ 0.11171189, -0.44285572,  0.00800063],\n",
       "          [ 0.42527854, -0.5420627 ,  0.02281525],\n",
       "          [ 0.50177526, -0.651314  ,  0.00675979],\n",
       "          [ 0.        ,  0.        ,  0.        ]], dtype=float32)],\n",
       "  '2d_joints': [array([0.4625581 , 0.33190548, 0.37132692, 0.29638493, 0.36371505,\n",
       "          0.35385248, 0.34810507, 0.48702696, 0.35606503, 0.6093211 ,\n",
       "          0.35002998, 0.33376402, 0.32928896, 0.46773636, 0.3442635 ,\n",
       "          0.5902504 , 0.20917267, 0.4753067 , 0.199397  , 0.52308846,\n",
       "          0.26107553, 0.71580774, 0.24110034, 0.92531276, 0.19467437,\n",
       "          0.5168301 , 0.25044012, 0.7026538 , 0.24498   , 0.9126901 ,\n",
       "          0.46865135, 0.30697066, 0.46980354, 0.30562532, 0.4343588 ,\n",
       "          0.27282917, 0.4362057 , 0.2698676 , 0.34346583, 0.9421772 ,\n",
       "          0.31286103, 0.9437826 , 0.21505761, 0.93145025, 0.33921275,\n",
       "          0.963974  , 0.31073266, 0.9698396 , 0.2091015 , 0.94510293,\n",
       "          0.2273331 , 0.89908993, 0.2547522 , 0.6814437 , 0.20531192,\n",
       "          0.46418595, 0.18945992, 0.45741305, 0.24594101, 0.67973423,\n",
       "          0.23112705, 0.89484036, 0.36399814, 0.5953693 , 0.3645287 ,\n",
       "          0.48129377, 0.36724576, 0.33516806, 0.35491836, 0.31795898,\n",
       "          0.35061443, 0.46013713, 0.3530585 , 0.58404845, 0.37624854,\n",
       "          0.30638883, 0.4623616 , 0.26274574, 0.19728798, 0.46045288,\n",
       "          0.35896158, 0.3270524 , 0.26722592, 0.3600754 , 0.42799693,\n",
       "          0.3092933 , 0.46718222, 0.25320584, 0.20989835, 0.5871139 ],\n",
       "         dtype=float32)],\n",
       "  'mask': [[{'size': [350, 350],\n",
       "     'counts': 'cl?a0Z:8I5J5K7J5K4M2L5M5J5L3M3M4K6J6K5J4N3L9G`0@P2QN6H4L5K4M3M2N1O2M2N2O2N1O100O1O1O1O1N2N2O100O100O100O100O1NeNoLmJo2l4\\\\MRKc2l4aMSK_2i4fMVKY2l1SMCl0`NQ2f1`M[Oi0nNf1g1gMPOk0WO^1h1kMkNk0\\\\OZ1i1nMcNn0CT1k1QNgMiN1^2<g0n1W1QNiNo1W1QNiNR2U1mMkNZ2n0eMSOQ37oLHZ30fL0\\\\3NdL2]3McL2_3N`L1b3N]L3d3M[L2g3MXL3k3LSL5l3MPL5P4]3O010O1N1O2H8XOh0C<H9F:I7L3O2M2N2N2M2O2O100N2O100000O2O1O0010O10O10O100O100O100O10001O0O10001O1N2O1O1N3N1N3N2M6I\\\\Qk1'}]],\n",
       "  'extra_data': [0]},\n",
       " '/home/daniel/development/csc2626/final-project/golfdb/data/poses//_DEMO/TIGER_WOODS_4HzLO88ryCU_a941d487-8693-40b6-8835-75b41c87b662/img/000003.jpg': {'time': 2,\n",
       "  'shot': 0,\n",
       "  'frame_path': '/home/daniel/development/csc2626/final-project/golfdb/data/poses//_DEMO/TIGER_WOODS_4HzLO88ryCU_a941d487-8693-40b6-8835-75b41c87b662/img/000003.jpg',\n",
       "  'tracked_ids': [1],\n",
       "  'tracked_bbox': [array([ 40.857506,  74.98657 , 142.10419 , 274.29565 ], dtype=float32)],\n",
       "  'tid': [1],\n",
       "  'bbox': [array([ 40.857506,  74.98657 , 142.10419 , 274.29565 ], dtype=float32)],\n",
       "  'tracked_time': [0],\n",
       "  'appe': [array([ 9.080473 ,  9.769248 ,  6.181254 , ..., 10.106846 , 11.005383 ,\n",
       "           7.1630425], dtype=float32)],\n",
       "  'loca': [array([ 0.4618886 ,  0.3326025 ,  0.3705487 ,  0.2977245 ,  0.36140764,\n",
       "           0.35436952,  0.3462587 ,  0.4874385 ,  0.35439268,  0.61117214,\n",
       "           0.3516771 ,  0.3367835 ,  0.3320733 ,  0.47092453,  0.3441162 ,\n",
       "           0.5937349 ,  0.20949939,  0.47705764,  0.19909096,  0.5248126 ,\n",
       "           0.25960004,  0.71751046,  0.23960018,  0.9267081 ,  0.196116  ,\n",
       "           0.51854664,  0.25146168,  0.70423424,  0.24569896,  0.9139155 ,\n",
       "           0.4674957 ,  0.30748528,  0.46923873,  0.30645382,  0.4326322 ,\n",
       "           0.27337533,  0.43582773,  0.2711274 ,  0.3443039 ,  0.94381267,\n",
       "           0.3143354 ,  0.94520533,  0.21568045,  0.9325481 ,  0.33761895,\n",
       "           0.96536314,  0.30852067,  0.9710267 ,  0.20769864,  0.9464662 ,\n",
