{
 "cells": [
  {
   "cell_type": "code",
   "execution_count": 7,
   "metadata": {},
   "outputs": [],
   "source": [
    "import pandas as pd\n",
    "import pickle\n",
    "import joblib\n",
    "# df = pd.read_pickle('poses/results/demo_TIGER_WOODS_THqn7IjaiEY_1c3e5a96-37ee-4fe4-8df9-1c97cea2cf67.pkl')\n",
    "\n",
    "# print(df.head())"
   ]
  },
  {
   "cell_type": "code",
   "execution_count": 8,
   "metadata": {},
   "outputs": [
    {
     "name": "stdout",
     "output_type": "stream",
     "text": [
      "[{'global_orient': array([[[ 0.4605741 ,  0.14099394,  0.87635165],\n",
      "        [-0.13967428, -0.96349114,  0.2284206 ],\n",
      "        [ 0.87656295, -0.2276084 , -0.42406583]]], dtype=float32), 'body_pose': array([[[ 0.9917079 , -0.12848052,  0.00287702],\n",
      "        [ 0.11903502,  0.9267777 ,  0.3562495 ],\n",
      "        [-0.04843748, -0.35295296,  0.9343865 ]],\n",
      "\n",
      "       [[ 0.9918545 ,  0.12487186,  0.02513599],\n",
      "        [-0.12499274,  0.916153  ,  0.38084185],\n",
      "        [ 0.02452803, -0.38088146,  0.9242986 ]],\n",
      "\n",
      "       [[ 0.9966353 ,  0.0787034 ,  0.02288621],\n",
      "        [-0.05303569,  0.8321287 , -0.55204076],\n",
      "        [-0.06249176,  0.5489695 ,  0.83350295]],\n",
      "\n",
      "       [[ 0.99836105, -0.01921415, -0.0539069 ],\n",
      "        [ 0.00457716,  0.9657448 , -0.2594532 ],\n",
      "        [ 0.05704549,  0.25878125,  0.9642499 ]],\n",
      "\n",
      "       [[ 0.9915284 ,  0.04208705,  0.12288226],\n",
      "        [-0.00949147,  0.9669973 , -0.25460958],\n",
      "        [-0.12954259,  0.25128633,  0.9592048 ]],\n",
      "\n",
      "       [[ 0.9978754 ,  0.05253947,  0.03852541],\n",
      "        [-0.04960008,  0.99605024, -0.07364616],\n",
      "        [-0.04224257,  0.07157883,  0.99654   ]],\n",
      "\n",
      "       [[ 0.98457205,  0.09064835,  0.14966835],\n",
      "        [-0.0856105 ,  0.99553424, -0.03977961],\n",
      "        [-0.15260592,  0.02635271,  0.98793566]],\n",
      "\n",
      "       [[ 0.9777384 , -0.14999373, -0.1467296 ],\n",
      "        [ 0.13651574,  0.9857759 , -0.09802748],\n",
      "        [ 0.15934601,  0.07581432,  0.9843074 ]],\n",
      "\n",
      "       [[ 0.9983247 ,  0.04728167,  0.03334935],\n",
      "        [-0.04800363,  0.9986224 ,  0.02119024],\n",
      "        [-0.0323015 , -0.02275563,  0.9992191 ]],\n",
      "\n",
      "       [[ 0.9903543 , -0.13709986,  0.0200502 ],\n",
      "        [ 0.13745676,  0.9903504 , -0.01765401],\n",
      "        [-0.01743636,  0.02023976,  0.9996431 ]],\n",
      "\n",
      "       [[ 0.9807786 ,  0.18143865, -0.07178684],\n",
      "        [-0.17844841,  0.9828671 ,  0.04613281],\n",
      "        [ 0.07892721, -0.03243583,  0.99635243]],\n",
      "\n",
      "       [[ 0.99698937,  0.01104682, -0.07674739],\n",
      "        [-0.00772298,  0.99902487,  0.04347138],\n",
      "        [ 0.07715277, -0.04274778,  0.9961025 ]],\n",
      "\n",
      "       [[ 0.77239597,  0.17733698, -0.60988206],\n",
      "        [-0.1746643 ,  0.98251444,  0.06448151],\n",
      "        [ 0.6106528 ,  0.05671937,  0.78986466]],\n",
      "\n",
      "       [[ 0.7672324 , -0.13522068,  0.62695277],\n",
      "        [ 0.12256222,  0.99041915,  0.0636275 ],\n",
      "        [-0.62954974,  0.02802363,  0.7764546 ]],\n",
      "\n",
      "       [[ 0.99908364, -0.00320049,  0.04268095],\n",
      "        [ 0.00499552,  0.99910444, -0.04201657],\n",
      "        [-0.04250825,  0.04219128,  0.9982049 ]],\n",
      "\n",
      "       [[ 0.624214  ,  0.5704502 , -0.53380096],\n",
      "        [-0.6327539 ,  0.76990896,  0.08284159],\n",
      "        [ 0.45823517,  0.28605375,  0.84154254]],\n",
      "\n",
      "       [[ 0.6722617 , -0.5467701 ,  0.4991058 ],\n",
      "        [ 0.5406533 ,  0.82315147,  0.17353854],\n",
      "        [-0.5057254 ,  0.1531799 ,  0.84898627]],\n",
      "\n",
      "       [[ 0.8236478 ,  0.02815596, -0.5664024 ],\n",
      "        [-0.13090114,  0.98123455, -0.1415758 ],\n",
      "        [ 0.5517873 ,  0.19075131,  0.8118773 ]],\n",
      "\n",
      "       [[ 0.93675596, -0.08538209,  0.3394085 ],\n",
      "        [ 0.10533694,  0.99360025, -0.04077483],\n",
      "        [-0.33375496,  0.07394832,  0.93975484]],\n",
      "\n",
      "       [[ 0.9863815 , -0.14126284, -0.08423974],\n",
      "        [ 0.14665815,  0.9872611 ,  0.06169965],\n",
      "        [ 0.07445075, -0.07321384,  0.9945334 ]],\n",
      "\n",
      "       [[ 0.98835593,  0.1471383 ,  0.03876552],\n",
      "        [-0.14746323,  0.98905146,  0.00564576],\n",
      "        [-0.03751038, -0.01129651,  0.99923235]],\n",
      "\n",
      "       [[ 0.98433155,  0.1369936 , -0.11101386],\n",
      "        [-0.11748047,  0.97902334,  0.1664677 ],\n",
      "        [ 0.13149019, -0.15081745,  0.97977763]],\n",
      "\n",
      "       [[ 0.9883247 , -0.12781723,  0.08292783],\n",
      "        [ 0.10954227,  0.9743988 ,  0.19633506],\n",
      "        [-0.10589979, -0.1849587 ,  0.9770238 ]]], dtype=float32), 'betas': array([ 0.18195617,  0.3443805 , -0.27241647, -0.29786322, -0.06350568,\n",
      "        0.02993438,  0.00212562,  0.05280142,  0.03362723, -0.01314223],\n",
      "      dtype=float32)}]\n"
     ]
    }
   ],
   "source": [
    "x = joblib.load('poses/results/demo_TIGER_WOODS_THqn7IjaiEY_1c3e5a96-37ee-4fe4-8df9-1c97cea2cf67.pkl')\n",
    "\n",
    "print(x['/home/daniel/development/csc2626/final-project/golfdb/data/poses//_DEMO/TIGER_WOODS_THqn7IjaiEY_1c3e5a96-37ee-4fe4-8df9-1c97cea2cf67/img/000001.jpg']['smpl'])"
   ]
  },
  {
   "cell_type": "code",
   "execution_count": null,
   "metadata": {},
   "outputs": [],
   "source": []
  },
  {
   "cell_type": "code",
   "execution_count": 9,
   "metadata": {},
   "outputs": [],
   "source": [
    "joints = x['/home/daniel/development/csc2626/final-project/golfdb/data/poses//_DEMO/TIGER_WOODS_THqn7IjaiEY_1c3e5a96-37ee-4fe4-8df9-1c97cea2cf67/img/000001.jpg']['3d_joints']"
   ]
  },
  {
   "cell_type": "code",
   "execution_count": 10,
   "metadata": {},
   "outputs": [
    {
     "name": "stdout",
     "output_type": "stream",
     "text": [
      "[[ 0.43687135 -0.5813496  -0.16429722]\n",
      " [ 0.25426435 -0.6080713  -0.10755011]\n",
      " [ 0.1941773  -0.50144124 -0.24860758]\n",
      " [ 0.1893078  -0.24210232 -0.26919386]\n",
      " [ 0.250584    0.00486651 -0.21073762]\n",
      " [ 0.28295812 -0.52876824  0.06108666]\n",
      " [ 0.2645902  -0.2732781   0.13643454]\n",
      " [ 0.25845423 -0.03920341  0.03637706]\n",
      " [-0.00181581 -0.22008194  0.0264163 ]\n",
      " [-0.04983216 -0.12498005 -0.0091709 ]\n",
      " [-0.01797044  0.2632233  -0.06564137]\n",
      " [-0.0911397   0.66561294 -0.02909748]\n",
      " [ 0.01015145 -0.14351982  0.11045104]\n",
      " [ 0.1141456   0.21468315  0.21025729]\n",
      " [ 0.0745897   0.6006846   0.34403718]\n",
      " [ 0.4258828  -0.6313965  -0.19937763]\n",
      " [ 0.44732    -0.63502777 -0.1360642 ]\n",
      " [ 0.33514175 -0.6796278  -0.21642181]\n",
      " [ 0.3817982  -0.6876758  -0.07631441]\n",
      " [ 0.25306472  0.6878569   0.29350886]\n",
      " [ 0.23225605  0.6676012   0.37227175]\n",
      " [ 0.02038204  0.6250005   0.38096917]\n",
      " [ 0.07721041  0.75665736 -0.10601286]\n",
      " [-0.00157204  0.7569655  -0.14520329]\n",
      " [-0.15061742  0.6996273  -0.00098398]]\n",
      "25\n",
      "[np.float32(0.43687135), np.float32(0.25426435), np.float32(0.1941773), np.float32(0.1893078), np.float32(0.250584), np.float32(0.28295812), np.float32(0.2645902), np.float32(0.25845423), np.float32(-0.0018158117), np.float32(-0.04983216), np.float32(-0.017970439), np.float32(-0.091139704), np.float32(0.010151447), np.float32(0.1141456), np.float32(0.0745897), np.float32(0.4258828), np.float32(0.44732), np.float32(0.33514175), np.float32(0.3817982), np.float32(0.25306472), np.float32(0.23225605), np.float32(0.020382036), np.float32(0.07721041), np.float32(-0.0015720427), np.float32(-0.15061742)] [np.float32(-0.5813496), np.float32(-0.6080713), np.float32(-0.50144124), np.float32(-0.24210232), np.float32(0.0048665106), np.float32(-0.52876824), np.float32(-0.2732781), np.float32(-0.039203405), np.float32(-0.22008194), np.float32(-0.124980055), np.float32(0.2632233), np.float32(0.66561294), np.float32(-0.14351982), np.float32(0.21468315), np.float32(0.6006846), np.float32(-0.6313965), np.float32(-0.63502777), np.float32(-0.6796278), np.float32(-0.6876758), np.float32(0.6878569), np.float32(0.6676012), np.float32(0.6250005), np.float32(0.75665736), np.float32(0.7569655), np.float32(0.6996273)] [np.float32(-0.16429722), np.float32(-0.107550114), np.float32(-0.24860758), np.float32(-0.26919386), np.float32(-0.21073762), np.float32(0.06108666), np.float32(0.13643454), np.float32(0.036377057), np.float32(0.026416304), np.float32(-0.009170899), np.float32(-0.065641366), np.float32(-0.029097475), np.float32(0.110451035), np.float32(0.21025729), np.float32(0.34403718), np.float32(-0.19937763), np.float32(-0.1360642), np.float32(-0.21642181), np.float32(-0.07631441), np.float32(0.29350886), np.float32(0.37227175), np.float32(0.38096917), np.float32(-0.10601286), np.float32(-0.14520329), np.float32(-0.0009839758)]\n"
     ]
    },
    {
     "data": {
      "application/vnd.plotly.v1+json": {
       "config": {
        "plotlyServerURL": "https://plot.ly"
       },
       "data": [
        {
         "marker": {
          "color": [
           "red",
           "red",
           "red",
           "red",
           "red",
           "red",
           "red",
           "red",
           "red",
           "red",
           "red",
           "red",
           "red",
           "red",
           "red",
           "red",
           "red",
           "red",
           "red",
           "red",
           "red",
           "red",
           "red",
           "red",
           "red"
          ],
          "size": 5
         },
         "mode": "markers",
         "type": "scatter3d",
         "x": [
          0.43687134981155396,
          0.25426435470581055,
          0.1941772997379303,
          0.1893077939748764,
          0.2505840063095093,
          0.28295812010765076,
          0.26459020376205444,
          0.25845423340797424,
          -0.0018158117309212685,
          -0.04983216151595116,
          -0.017970439046621323,
          -0.09113970398902893,
          0.010151446796953678,
          0.11414559930562973,
          0.07458969950675964,
          0.4258827865123749,
          0.44732001423835754,
          0.33514174818992615,
          0.3817982077598572,
          0.25306472182273865,
          0.23225605487823486,
          0.02038203552365303,
          0.07721041142940521,
          -0.00157204270362854,
          -0.15061742067337036
         ],
         "y": [
          -0.5813496112823486,
          -0.6080713272094727,
          -0.501441240310669,
          -0.24210232496261597,
          0.004866510629653931,
          -0.5287682414054871,
          -0.2732780873775482,
          -0.03920340538024902,
          -0.22008194029331207,
          -0.12498005479574203,
          0.2632232904434204,
          0.6656129360198975,
          -0.1435198187828064,
          0.2146831452846527,
          0.6006845831871033,
          -0.631396472454071,
          -0.6350277662277222,
          -0.6796277761459351,
          -0.6876757740974426,
          0.687856912612915,
          0.6676012277603149,
          0.6250004768371582,
          0.7566573619842529,
          0.7569655179977417,
          0.6996272802352905
         ],
         "z": [
          -0.1642972230911255,
          -0.10755011439323425,
          -0.2486075758934021,
          -0.2691938579082489,
          -0.21073761582374573,
          0.061086658388376236,
          0.13643454015254974,
          0.03637705743312836,
          0.02641630358994007,
          -0.009170899167656898,
          -0.0656413659453392,
          -0.029097475111484528,
          0.11045103520154953,
          0.21025729179382324,
          0.34403717517852783,
          -0.1993776261806488,
          -0.13606420159339905,
          -0.21642181277275085,
          -0.07631441205739975,
          0.2935088574886322,
          0.37227174639701843,
          0.38096916675567627,
          -0.10601285845041275,
          -0.14520329236984253,
          -0.0009839758276939392
         ]
        },
        {
         "line": {
          "color": "blue",
          "width": 2
         },
         "mode": "lines",
         "name": "nose_to_neck",
         "type": "scatter3d",
         "x": [
          0.43687134981155396,
          0.25426435470581055
         ],
         "y": [
          -0.5813496112823486,
          -0.6080713272094727
         ],
         "z": [
          -0.1642972230911255,
          -0.10755011439323425
         ]
        },
        {
         "line": {
          "color": "blue",
          "width": 2
         },
         "mode": "lines",
         "name": "neck_to_rshoulder",
         "type": "scatter3d",
         "x": [
          0.25426435470581055,
          0.1941772997379303
         ],
         "y": [
          -0.6080713272094727,
          -0.501441240310669
         ],
         "z": [
          -0.10755011439323425,
          -0.2486075758934021
         ]
        },
        {
         "line": {
          "color": "blue",
          "width": 2
         },
         "mode": "lines",
         "name": "rshoulder_to_relbow",
         "type": "scatter3d",
         "x": [
          0.1941772997379303,
          0.1893077939748764
         ],
         "y": [
          -0.501441240310669,
          -0.24210232496261597
         ],
         "z": [
          -0.2486075758934021,
          -0.2691938579082489
         ]
        },
        {
         "line": {
          "color": "blue",
          "width": 2
         },
         "mode": "lines",
         "name": "relbow_to_rwrist",
         "type": "scatter3d",
         "x": [
          0.1893077939748764,
          0.2505840063095093
         ],
         "y": [
          -0.24210232496261597,
          0.004866510629653931
         ],
         "z": [
          -0.2691938579082489,
          -0.21073761582374573
         ]
        },
        {
         "line": {
          "color": "blue",
          "width": 2
         },
         "mode": "lines",
         "name": "neck_to_lshoulder",
         "type": "scatter3d",
         "x": [
          0.25426435470581055,
          0.28295812010765076
         ],
         "y": [
          -0.6080713272094727,
          -0.5287682414054871
         ],
         "z": [
          -0.10755011439323425,
          0.061086658388376236
         ]
        },
        {
         "line": {
          "color": "blue",
          "width": 2
         },
         "mode": "lines",
         "name": "lshoulder_to_lelbow",
         "type": "scatter3d",
         "x": [
          0.28295812010765076,
          0.26459020376205444
         ],
         "y": [
          -0.5287682414054871,
          -0.2732780873775482
         ],
         "z": [
          0.061086658388376236,
          0.13643454015254974
         ]
        },
        {
         "line": {
          "color": "blue",
          "width": 2
         },
         "mode": "lines",
         "name": "lelbow_to_lwrist",
         "type": "scatter3d",
         "x": [
          0.26459020376205444,
          0.25845423340797424
         ],
         "y": [
          -0.2732780873775482,
          -0.03920340538024902
         ],
         "z": [
          0.13643454015254974,
          0.03637705743312836
         ]
        },
        {
         "line": {
          "color": "blue",
          "width": 2
         },
         "mode": "lines",
         "name": "neck_to_midhip",
         "type": "scatter3d",
         "x": [
          0.25426435470581055,
          -0.0018158117309212685
         ],
         "y": [
          -0.6080713272094727,
          -0.22008194029331207
         ],
         "z": [
          -0.10755011439323425,
          0.02641630358994007
         ]
        },
        {
         "line": {
          "color": "blue",
          "width": 2
         },
         "mode": "lines",
         "name": "midhip_to_rhip",
         "type": "scatter3d",
         "x": [
          -0.0018158117309212685,
          -0.04983216151595116
         ],
         "y": [
          -0.22008194029331207,
          -0.12498005479574203
         ],
         "z": [
          0.02641630358994007,
          -0.009170899167656898
         ]
        },
        {
         "line": {
          "color": "blue",
          "width": 2
         },
         "mode": "lines",
         "name": "rhip_to_rknee",
         "type": "scatter3d",
         "x": [
          -0.04983216151595116,
          -0.017970439046621323
         ],
         "y": [
          -0.12498005479574203,
          0.2632232904434204
         ],
         "z": [
          -0.009170899167656898,
          -0.0656413659453392
         ]
        },
        {
         "line": {
          "color": "blue",
          "width": 2
         },
         "mode": "lines",
         "name": "rknee_to_rankle",
         "type": "scatter3d",
         "x": [
          -0.017970439046621323,
          -0.09113970398902893
         ],
         "y": [
          0.2632232904434204,
          0.6656129360198975
         ],
         "z": [
          -0.0656413659453392,
          -0.029097475111484528
         ]
        },
        {
         "line": {
          "color": "blue",
          "width": 2
         },
         "mode": "lines",
         "name": "midhip_to_lhip",
         "type": "scatter3d",
         "x": [
          -0.0018158117309212685,
          0.010151446796953678
         ],
         "y": [
          -0.22008194029331207,
          -0.1435198187828064
         ],
         "z": [
          0.02641630358994007,
          0.11045103520154953
         ]
        },
        {
         "line": {
          "color": "blue",
          "width": 2
         },
         "mode": "lines",
         "name": "lhip_to_lknee",
         "type": "scatter3d",
         "x": [
          0.010151446796953678,
          0.11414559930562973
         ],
         "y": [
          -0.1435198187828064,
          0.2146831452846527
         ],
         "z": [
          0.11045103520154953,
          0.21025729179382324
         ]
        },
        {
         "line": {
          "color": "blue",
          "width": 2
         },
         "mode": "lines",
         "name": "lknee_to_lankle",
         "type": "scatter3d",
         "x": [
          0.11414559930562973,
          0.07458969950675964
         ],
         "y": [
          0.2146831452846527,
          0.6006845831871033
         ],
         "z": [
          0.21025729179382324,
          0.34403717517852783
         ]
        },
        {
         "line": {
          "color": "blue",
          "width": 2
         },
         "mode": "lines",
         "name": "nose_to_reye",
         "type": "scatter3d",
         "x": [
          0.43687134981155396,
          0.4258827865123749
         ],
         "y": [
          -0.5813496112823486,
          -0.631396472454071
         ],
         "z": [
          -0.1642972230911255,
          -0.1993776261806488
         ]
        },
        {
         "line": {
          "color": "blue",
          "width": 2
         },
         "mode": "lines",
         "name": "nose_to_leye",
         "type": "scatter3d",
         "x": [
          0.43687134981155396,
          0.44732001423835754
         ],
         "y": [
          -0.5813496112823486,
          -0.6350277662277222
         ],
         "z": [
          -0.1642972230911255,
          -0.13606420159339905
         ]
        },
        {
         "line": {
          "color": "blue",
          "width": 2
         },
         "mode": "lines",
         "name": "reye_to_rear",
         "type": "scatter3d",
         "x": [
          0.4258827865123749,
          0.33514174818992615
         ],
         "y": [
          -0.631396472454071,
          -0.6796277761459351
         ],
         "z": [
          -0.1993776261806488,
          -0.21642181277275085
         ]
        },
        {
         "line": {
          "color": "blue",
          "width": 2
         },
         "mode": "lines",
         "name": "leye_to_lear",
         "type": "scatter3d",
         "x": [
          0.44732001423835754,
          0.3817982077598572
         ],
         "y": [
          -0.6350277662277222,
          -0.6876757740974426
         ],
         "z": [
          -0.13606420159339905,
          -0.07631441205739975
         ]
        },
        {
         "line": {
          "color": "blue",
          "width": 2
         },
         "mode": "lines",
         "name": "lankle_to_lbigtoe",
         "type": "scatter3d",
         "x": [
          0.07458969950675964,
          0.25306472182273865
         ],
         "y": [
          0.6006845831871033,
          0.687856912612915
         ],
         "z": [
          0.34403717517852783,
          0.2935088574886322
         ]
        },
        {
         "line": {
          "color": "blue",
          "width": 2
         },
         "mode": "lines",
         "name": "lankle_to_lsmalltoe",
         "type": "scatter3d",
         "x": [
          0.07458969950675964,
          0.23225605487823486
         ],
         "y": [
          0.6006845831871033,
          0.6676012277603149
         ],
         "z": [
          0.34403717517852783,
          0.37227174639701843
         ]
        },
        {
         "line": {
          "color": "blue",
          "width": 2
         },
         "mode": "lines",
         "name": "lankle_to_lheel",
         "type": "scatter3d",
         "x": [
          0.07458969950675964,
          0.02038203552365303
         ],
         "y": [
          0.6006845831871033,
          0.6250004768371582
         ],
         "z": [
          0.34403717517852783,
          0.38096916675567627
         ]
        },
        {
         "line": {
          "color": "blue",
          "width": 2
         },
         "mode": "lines",
         "name": "rankle_to_rbigtoe",
         "type": "scatter3d",
         "x": [
          -0.09113970398902893,
          0.07721041142940521
         ],
         "y": [
          0.6656129360198975,
          0.7566573619842529
         ],
         "z": [
          -0.029097475111484528,
          -0.10601285845041275
         ]
        },
        {
         "line": {
          "color": "blue",
          "width": 2
         },
         "mode": "lines",
         "name": "rankle_to_rsmalltoe",
         "type": "scatter3d",
         "x": [
          -0.09113970398902893,
          -0.00157204270362854
         ],
         "y": [
          0.6656129360198975,
          0.7569655179977417
         ],
         "z": [
          -0.029097475111484528,
          -0.14520329236984253
         ]
        },
        {
         "line": {
          "color": "blue",
          "width": 2
         },
         "mode": "lines",
         "name": "rankle_to_rheel",
         "type": "scatter3d",
         "x": [
          -0.09113970398902893,
          -0.15061742067337036
         ],
         "y": [
          0.6656129360198975,
          0.6996272802352905
         ],
         "z": [
          -0.029097475111484528,
          -0.0009839758276939392
         ]
        }
       ],
       "layout": {
        "scene": {
         "xaxis": {
          "title": {
           "text": "X"
          }
         },
         "yaxis": {
          "title": {
           "text": "Y"
          }
         },
         "zaxis": {
          "title": {
           "text": "Z"
          }
         }
        },
        "template": {
         "data": {
          "bar": [
           {
            "error_x": {
             "color": "#2a3f5f"
            },
            "error_y": {
             "color": "#2a3f5f"
            },
            "marker": {
             "line": {
              "color": "#E5ECF6",
              "width": 0.5
             },
             "pattern": {
              "fillmode": "overlay",
              "size": 10,
              "solidity": 0.2
             }
            },
            "type": "bar"
           }
          ],
          "barpolar": [
           {
            "marker": {
             "line": {
              "color": "#E5ECF6",
              "width": 0.5
             },
             "pattern": {
              "fillmode": "overlay",
              "size": 10,
              "solidity": 0.2
             }
            },
            "type": "barpolar"
           }
          ],
          "carpet": [
           {
            "aaxis": {
             "endlinecolor": "#2a3f5f",
             "gridcolor": "white",
             "linecolor": "white",
             "minorgridcolor": "white",
             "startlinecolor": "#2a3f5f"
            },
            "baxis": {
             "endlinecolor": "#2a3f5f",
             "gridcolor": "white",
             "linecolor": "white",
             "minorgridcolor": "white",
             "startlinecolor": "#2a3f5f"
            },
            "type": "carpet"
           }
          ],
          "choropleth": [
           {
            "colorbar": {
             "outlinewidth": 0,
             "ticks": ""
            },
            "type": "choropleth"
           }
          ],
          "contour": [
           {
            "colorbar": {
             "outlinewidth": 0,
             "ticks": ""
            },
            "colorscale": [
             [
              0,
              "#0d0887"
             ],
             [
              0.1111111111111111,
              "#46039f"
             ],
             [
              0.2222222222222222,
              "#7201a8"
             ],
             [
              0.3333333333333333,
              "#9c179e"
             ],
             [
              0.4444444444444444,
              "#bd3786"
             ],
             [
              0.5555555555555556,
              "#d8576b"
             ],
             [
              0.6666666666666666,
              "#ed7953"
             ],
             [
              0.7777777777777778,
              "#fb9f3a"
             ],
             [
              0.8888888888888888,
              "#fdca26"
             ],
             [
              1,
              "#f0f921"
             ]
            ],
            "type": "contour"
           }
          ],
          "contourcarpet": [
           {
            "colorbar": {
             "outlinewidth": 0,
             "ticks": ""
            },
            "type": "contourcarpet"
           }
          ],
          "heatmap": [
           {
            "colorbar": {
             "outlinewidth": 0,
             "ticks": ""
            },
            "colorscale": [
             [
              0,
              "#0d0887"
             ],
             [
              0.1111111111111111,
              "#46039f"
             ],
             [
              0.2222222222222222,
              "#7201a8"
             ],
             [
              0.3333333333333333,
              "#9c179e"
             ],
             [
              0.4444444444444444,
              "#bd3786"
             ],
             [
              0.5555555555555556,
              "#d8576b"
             ],
             [
              0.6666666666666666,
              "#ed7953"
             ],
             [
              0.7777777777777778,
              "#fb9f3a"
             ],
             [
              0.8888888888888888,
              "#fdca26"
             ],
             [
              1,
              "#f0f921"
             ]
            ],
            "type": "heatmap"
           }
          ],
          "heatmapgl": [
           {
            "colorbar": {
             "outlinewidth": 0,
             "ticks": ""
            },
            "colorscale": [
             [
              0,
              "#0d0887"
             ],
             [
              0.1111111111111111,
              "#46039f"
             ],
             [
              0.2222222222222222,
              "#7201a8"
             ],
             [
              0.3333333333333333,
              "#9c179e"
             ],
             [
              0.4444444444444444,
              "#bd3786"
             ],
             [
              0.5555555555555556,
              "#d8576b"
             ],
             [
              0.6666666666666666,
              "#ed7953"
             ],
             [
              0.7777777777777778,
              "#fb9f3a"
             ],
             [
              0.8888888888888888,
              "#fdca26"
             ],
             [
              1,
              "#f0f921"
             ]
            ],
            "type": "heatmapgl"
           }
          ],
          "histogram": [
           {
            "marker": {
             "pattern": {
              "fillmode": "overlay",
              "size": 10,
              "solidity": 0.2
             }
            },
            "type": "histogram"
           }
          ],
          "histogram2d": [
           {
            "colorbar": {
             "outlinewidth": 0,
             "ticks": ""
            },
            "colorscale": [
             [
              0,
              "#0d0887"
             ],
             [
              0.1111111111111111,
              "#46039f"
             ],
             [
              0.2222222222222222,
              "#7201a8"
             ],
             [
              0.3333333333333333,
              "#9c179e"
             ],
             [
              0.4444444444444444,
              "#bd3786"
             ],
             [
              0.5555555555555556,
              "#d8576b"
             ],
             [
              0.6666666666666666,
              "#ed7953"
             ],
             [
              0.7777777777777778,
              "#fb9f3a"
             ],
             [
              0.8888888888888888,
              "#fdca26"
             ],
             [
              1,
              "#f0f921"
             ]
            ],
            "type": "histogram2d"
           }
          ],
          "histogram2dcontour": [
           {
            "colorbar": {
             "outlinewidth": 0,
             "ticks": ""
            },
            "colorscale": [
             [
              0,
              "#0d0887"
             ],
             [
              0.1111111111111111,
              "#46039f"
             ],
             [
              0.2222222222222222,
              "#7201a8"
             ],
             [
              0.3333333333333333,
              "#9c179e"
             ],
             [
              0.4444444444444444,
              "#bd3786"
             ],
             [
              0.5555555555555556,
              "#d8576b"
             ],
             [
              0.6666666666666666,
              "#ed7953"
             ],
             [
              0.7777777777777778,
              "#fb9f3a"
             ],
             [
              0.8888888888888888,
              "#fdca26"
             ],
             [
              1,
              "#f0f921"
             ]
            ],
            "type": "histogram2dcontour"
           }
          ],
          "mesh3d": [
           {
            "colorbar": {
             "outlinewidth": 0,
             "ticks": ""
            },
            "type": "mesh3d"
           }
          ],
          "parcoords": [
           {
            "line": {
             "colorbar": {
              "outlinewidth": 0,
              "ticks": ""
             }
            },
            "type": "parcoords"
           }
          ],
          "pie": [
           {
            "automargin": true,
            "type": "pie"
           }
          ],
          "scatter": [
           {
            "fillpattern": {
             "fillmode": "overlay",
             "size": 10,
             "solidity": 0.2
            },
            "type": "scatter"
           }
          ],
          "scatter3d": [
           {
            "line": {
             "colorbar": {
              "outlinewidth": 0,
              "ticks": ""
             }
            },
            "marker": {
             "colorbar": {
              "outlinewidth": 0,
              "ticks": ""
             }
            },
            "type": "scatter3d"
           }
          ],
          "scattercarpet": [
           {
            "marker": {
             "colorbar": {
              "outlinewidth": 0,
              "ticks": ""
             }
            },
            "type": "scattercarpet"
           }
          ],
          "scattergeo": [
           {
            "marker": {
             "colorbar": {
              "outlinewidth": 0,
              "ticks": ""
             }
            },
            "type": "scattergeo"
           }
          ],
          "scattergl": [
           {
            "marker": {
             "colorbar": {
              "outlinewidth": 0,
              "ticks": ""
             }
            },
            "type": "scattergl"
           }
          ],
          "scattermapbox": [
           {
            "marker": {
             "colorbar": {
              "outlinewidth": 0,
              "ticks": ""
             }
            },
            "type": "scattermapbox"
           }
          ],
          "scatterpolar": [
           {
            "marker": {
             "colorbar": {
              "outlinewidth": 0,
              "ticks": ""
             }
            },
            "type": "scatterpolar"
           }
          ],
          "scatterpolargl": [
           {
            "marker": {
             "colorbar": {
              "outlinewidth": 0,
              "ticks": ""
             }
            },
            "type": "scatterpolargl"
           }
          ],
          "scatterternary": [
           {
            "marker": {
             "colorbar": {
              "outlinewidth": 0,
              "ticks": ""
             }
            },
            "type": "scatterternary"
           }
          ],
          "surface": [
           {
            "colorbar": {
             "outlinewidth": 0,
             "ticks": ""
            },
            "colorscale": [
             [
              0,
              "#0d0887"
             ],
             [
              0.1111111111111111,
              "#46039f"
             ],
             [
              0.2222222222222222,
              "#7201a8"
             ],
             [
              0.3333333333333333,
              "#9c179e"
             ],
             [
              0.4444444444444444,
              "#bd3786"
             ],
             [
              0.5555555555555556,
              "#d8576b"
             ],
             [
              0.6666666666666666,
              "#ed7953"
             ],
             [
              0.7777777777777778,
              "#fb9f3a"
             ],
             [
              0.8888888888888888,
              "#fdca26"
             ],
             [
              1,
              "#f0f921"
             ]
            ],
            "type": "surface"
           }
          ],
          "table": [
           {
            "cells": {
             "fill": {
              "color": "#EBF0F8"
             },
             "line": {
              "color": "white"
             }
            },
            "header": {
             "fill": {
              "color": "#C8D4E3"
             },
             "line": {
              "color": "white"
             }
            },
            "type": "table"
           }
          ]
         },
         "layout": {
          "annotationdefaults": {
           "arrowcolor": "#2a3f5f",
           "arrowhead": 0,
           "arrowwidth": 1
          },
          "autotypenumbers": "strict",
          "coloraxis": {
           "colorbar": {
            "outlinewidth": 0,
            "ticks": ""
           }
          },
          "colorscale": {
           "diverging": [
            [
             0,
             "#8e0152"
            ],
            [
             0.1,
             "#c51b7d"
            ],
            [
             0.2,
             "#de77ae"
            ],
            [
             0.3,
             "#f1b6da"
            ],
            [
             0.4,
             "#fde0ef"
            ],
            [
             0.5,
             "#f7f7f7"
            ],
            [
             0.6,
             "#e6f5d0"
            ],
            [
             0.7,
             "#b8e186"
            ],
            [
             0.8,
             "#7fbc41"
            ],
            [
             0.9,
             "#4d9221"
            ],
            [
             1,
             "#276419"
            ]
           ],
           "sequential": [
            [
             0,
             "#0d0887"
            ],
            [
             0.1111111111111111,
             "#46039f"
            ],
            [
             0.2222222222222222,
             "#7201a8"
            ],
            [
             0.3333333333333333,
             "#9c179e"
            ],
            [
             0.4444444444444444,
             "#bd3786"
            ],
            [
             0.5555555555555556,
             "#d8576b"
            ],
            [
             0.6666666666666666,
             "#ed7953"
            ],
            [
             0.7777777777777778,
             "#fb9f3a"
            ],
            [
             0.8888888888888888,
             "#fdca26"
            ],
            [
             1,
             "#f0f921"
            ]
           ],
           "sequentialminus": [
            [
             0,
             "#0d0887"
            ],
            [
             0.1111111111111111,
             "#46039f"
            ],
            [
             0.2222222222222222,
             "#7201a8"
            ],
            [
             0.3333333333333333,
             "#9c179e"
            ],
            [
             0.4444444444444444,
             "#bd3786"
            ],
            [
             0.5555555555555556,
             "#d8576b"
            ],
            [
             0.6666666666666666,
             "#ed7953"
            ],
            [
             0.7777777777777778,
             "#fb9f3a"
            ],
            [
             0.8888888888888888,
             "#fdca26"
            ],
            [
             1,
             "#f0f921"
            ]
           ]
          },
          "colorway": [
           "#636efa",
           "#EF553B",
           "#00cc96",
           "#ab63fa",
           "#FFA15A",
           "#19d3f3",
           "#FF6692",
           "#B6E880",
           "#FF97FF",
           "#FECB52"
          ],
          "font": {
           "color": "#2a3f5f"
          },
          "geo": {
           "bgcolor": "white",
           "lakecolor": "white",
           "landcolor": "#E5ECF6",
           "showlakes": true,
           "showland": true,
           "subunitcolor": "white"
          },
          "hoverlabel": {
           "align": "left"
          },
          "hovermode": "closest",
          "mapbox": {
           "style": "light"
          },
          "paper_bgcolor": "white",
          "plot_bgcolor": "#E5ECF6",
          "polar": {
           "angularaxis": {
            "gridcolor": "white",
            "linecolor": "white",
            "ticks": ""
           },
           "bgcolor": "#E5ECF6",
           "radialaxis": {
            "gridcolor": "white",
            "linecolor": "white",
            "ticks": ""
           }
          },
          "scene": {
           "xaxis": {
